src_node_id,dest_node_id
0,9
0,11
0,40
0,50
0,58
0,69
0,73
0,74
0,77
0,79
0,90
0,96
0,103
0,107
0,109
0,120
0,194
0,198
0,253
0,264
0,282
0,289
0,336
0,355
0,377
0,427
0,440
0,454
0,459
0,482
0,501
0,514
0,531
0,538
0,539
0,626
0,693
0,705
0,749
0,764
0,779
0,813
0,817
0,861
0,883
0,940
0,942
0,947
1,4
1,12
1,16
1,20
1,33
1,36
1,52
1,70
1,72
1,75
1,93
1,95
1,98
1,104
1,111
1,122
1,148
1,189
1,221
1,288
1,310
1,314
1,316
1,335
1,403
1,405
1,410
1,411
1,422
1,426
1,446
1,458
1,473
1,553
1,572
1,585
1,635
1,650
1,697
1,713
1,854
1,890
1,949
1,963
1,965
1,981
2,3
2,4
2,27
2,35
2,39
2,41
2,48
2,60
2,71
2,85
2,108
2,143
2,158
2,166
2,193
2,228
2,235
2,236
2,237
2,239
2,243
2,306
2,346
2,363
2,368
2,371
2,409
2,472
2,546
2,561
2,591
2,593
2,657
2,711
2,725
2,728
2,733
2,753
2,767
2,784
2,809
2,826
2,838
2,861
2,973
3,27
3,35
3,39
3,41
3,44
3,53
3,60
3,71
3,75
3,76
3,85
3,92
3,108
3,143
3,158
3,166
3,177
3,190
3,193
3,227
3,239
3,240
3,274
3,409
3,486
3,489
3,528
3,561
3,602
3,614
3,644
3,663
3,676
3,688
3,711
3,725
3,728
3,730
3,733
3,759
3,825
3,838
3,861
4,12
4,16
4,20
4,33
4,36
4,52
4,70
4,72
4,81
4,93
4,96
4,98
4,104
4,148
4,167
4,168
4,207
4,288
4,293
4,335
4,354
4,376
4,405
4,426
4,458
4,460
4,475
4,524
4,643
4,650
4,752
4,757
4,787
4,792
4,811
4,890
4,900
4,915
4,920
4,932
4,946
4,948
5,6
5,14
5,17
5,24
5,26
5,37
5,46
5,59
5,66
5,86
5,96
5,115
5,134
5,135
5,145
5,150
5,162
5,178
5,202
5,214
5,275
5,307
5,318
5,331
5,357
5,389
5,434
5,444
5,451
5,497
5,502
5,548
5,569
5,611
5,715
5,743
5,774
5,816
5,834
5,837
5,865
5,901
5,909
5,955
6,24
6,26
6,37
6,59
6,86
6,88
6,113
6,115
6,118
6,141
6,179
6,201
6,206
6,217
6,276
6,278
6,303
6,307
6,331
6,357
6,379
6,395
6,418
6,451
6,484
6,492
6,522
6,548
6,559
6,629
6,633
6,647
6,686
6,700
6,706
6,726
6,761
6,802
6,816
6,818
6,957
6,987
7,13
7,57
7,60
7,61
7,66
7,87
7,99
7,126
7,129
7,136
7,138
7,157
7,164
7,212
7,250
7,266
7,300
7,326
7,329
7,381
7,393
7,404
7,491
7,554
7,562
7,564
7,601
7,608
7,622
7,632
7,646
7,683
7,742
7,802
7,824
7,831
7,832
7,864
7,884
7,905
7,966
7,980
7,988
8,19
8,28
8,30
8,42
8,48
8,63
8,89
8,105
8,112
8,123
8,209
8,214
8,225
8,229
8,249
8,254
8,261
8,271
8,281
8,283
8,284
8,311
8,328
8,380
8,406
8,415
8,428
8,445
8,452
8,463
8,537
8,640
8,668
8,729
8,738
8,773
8,800
8,823
8,869
8,889
8,923
9,11
9,40
9,50
9,73
9,79
9,106
9,111
9,120
9,169
9,185
9,195
9,198
9,258
9,262
9,268
9,321
9,358
9,397
9,427
9,436
9,440
9,462
9,464
9,511
9,531
9,538
9,575
9,603
9,644
9,659
9,684
9,763
9,835
9,840
9,921
9,936
9,938
9,949
9,956
9,962
10,14
10,15
10,22
10,38
10,54
10,64
10,65
10,68
10,80
10,97
10,124
10,137
10,139
10,141
10,156
10,200
10,205
10,273
10,327
10,344
10,369
10,375
10,384
10,437
10,456
10,508
10,532
10,558
10,584
10,612
10,636
10,712
10,788
10,791
10,797
10,818
10,876
10,881
10,886
10,984
11,40
11,49
11,50
11,69
11,77
11,79
11,96
11,103
11,106
11,109
11,130
11,185
11,199
11,203
11,213
11,224
11,256
11,258
11,308
11,312
11,332
11,355
11,367
11,398
11,440
11,459
11,462
11,483
11,499
11,501
11,511
11,538
11,539
11,705
11,776
11,840
11,985
12,16
12,20
12,24
12,33
12,36
12,75
12,98
12,104
12,148
12,172
12,207
12,210
12,221
12,233
12,310
12,316
12,317
12,337
12,354
12,410
12,460
12,516
12,520
12,549
12,572
12,623
12,627
12,654
12,689
12,697
12,752
12,754
12,828
12,836
12,867
12,946
12,949
13,42
13,57
13,61
13,66
13,87
13,99
13,126
13,135
13,136
13,164
13,183
13,255
13,259
13,266
13,300
13,304
13,324
13,329
13,372
13,417
13,431
13,491
13,552
13,554
13,632
13,677
13,683
13,718
13,737
13,810
13,824
13,858
13,941
13,964
13,980
13,992
13,996
14,15
14,22
14,25
14,38
14,64
14,65
14,80
14,83
14,132
14,139
14,224
14,273
14,287
14,302
14,347
14,351
14,369
14,375
14,397
14,408
14,508
14,519
14,527
14,530
14,566
14,612
14,619
14,636
14,641
14,707
14,709
14,797
14,928
14,974
14,983
15,22
15,25
15,38
15,64
15,65
15,80
15,83
15,124
15,139
15,159
15,181
15,277
15,287
15,297
15,351
15,369
15,385
15,414
15,445
15,452
15,456
15,506
15,527
15,558
15,567
15,584
15,598
15,620
15,672
15,673
15,777
15,797
15,899
15,934
15,983
16,22
16,26
16,33
16,36
16,52
16,93
16,104
16,122
16,163
16,167
16,246
16,293
16,310
16,317
16,354
16,403
16,405
16,446
16,458
16,524
16,585
16,635
16,689
16,713
16,741
16,744
16,747
16,836
16,859
16,887
16,913
16,970
16,981
16,989
17,24
17,26
17,44
17,59
17,78
17,81
17,100
17,125
17,141
17,179
17,188
17,217
17,220
17,252
17,276
17,307
17,313
17,333
17,434
17,451
17,481
17,488
17,497
17,500
17,597
17,633
17,701
17,731
17,798
17,809
17,837
17,841
17,848
17,891
17,909
18,31
18,49
18,56
18,63
18,69
18,74
18,77
18,79
18,151
18,155
18,256
18,258
18,268
18,292
18,296
18,309
18,332
18,367
18,377
18,390
18,436
18,440
18,454
18,478
18,514
18,531
18,539
18,571
18,604
18,628
18,644
18,684
18,745
18,840
18,883
18,962
19,28
19,30
19,48
19,83
19,89
19,105
19,112
19,225
19,229
19,249
19,254
19,261
19,265
19,281
19,328
19,340
19,343
19,380
19,415
19,428
19,445
19,452
19,503
19,513
19,517
19,537
19,549
19,621
19,666
19,729
19,800
19,823
19,923
19,972
20,33
20,63
20,67
20,70
20,72
20,75
20,81
20,93
20,104
20,122
20,135
20,148
20,163
20,172
20,210
20,221
20,251
20,293
20,314
20,335
20,376
20,387
20,446
20,458
20,474
20,623
20,766
20,796
20,871
20,965
20,970
21,23
21,32
21,34
21,47
21,94
21,103
21,140
21,149
21,155
21,161
21,173
21,174
21,175
21,187
21,191
21,232
21,319
21,323
21,361
21,430
21,457
21,480
21,512
21,521
21,594
21,648
21,665
21,717
21,722
21,907
21,911
21,924
21,945
21,967
22,25
22,37
22,38
22,54
22,64
22,65
22,80
22,83
22,97
22,143
22,156
22,159
22,181
22,200
22,224
22,287
22,297
22,302
22,396
22,408
22,508
22,558
22,566
22,620
22,709
22,710
22,765
22,791
22,818
22,921
23,32
23,34
23,47
23,94
23,124
23,155
23,175
23,187
23,191
23,197
23,219
23,260
23,323
23,373
23,385
23,415
23,430
23,437
23,512
23,545
23,609
23,624
23,648
23,665
23,671
23,708
23,910
23,924
23,929
23,939
23,945
23,950
23,960
24,26
24,37
24,59
24,100
24,115
24,118
24,134
24,145
24,162
24,178
24,179
24,188
24,211
24,252
24,276
24,278
24,331
24,350
24,401
24,435
24,492
24,571
24,586
24,590
24,638
24,715
24,726
24,761
24,848
24,954
25,54
25,63
25,64
25,65
25,68
25,83
25,128
25,139
25,156
25,159
25,170
25,273
25,351
25,369
25,375
25,384
25,392
25,530
25,566
25,639
25,641
25,655
25,673
25,703
25,710
25,712
25,777
25,805
25,928
25,982
26,44
26,46
26,100
26,146
26,179
26,188
26,217
26,223
26,231
26,261
26,275
26,313
26,379
26,429
26,479
26,496
26,497
26,548
26,552
26,559
26,569
26,582
26,589
26,590
26,642
26,662
26,691
26,731
27,35
27,39
27,41
27,60
27,71
27,76
27,85
27,92
27,99
27,108
27,166
27,240
27,243
27,280
27,448
27,472
27,477
27,486
27,528
27,561
27,573
27,587
27,602
27,676
27,692
27,725
27,733
27,864
27,874
27,927
28,30
28,48
28,87
28,89
28,112
28,123
28,205
28,225
28,229
28,249
28,254
28,261
28,265
28,281
28,283
28,340
28,343
28,406
28,415
28,452
28,549
28,581
28,599
28,631
28,666
28,679
28,738
28,773
28,843
28,869
29,43
29,55
29,84
29,100
29,101
29,102
29,103
29,114
29,121
29,144
29,147
29,171
29,174
29,221
29,233
29,245
29,263
29,301
29,345
29,352
29,370
29,383
29,399
29,476
29,533
29,541
29,630
29,678
29,723
29,748
29,793
29,794
30,48
30,67
30,89
30,105
30,112
30,123
30,225
30,229
30,237
30,249
30,281
30,283
30,311
30,328
30,343
30,428
30,445
30,537
30,549
30,621
30,631
30,637
30,668
30,823
30,843
30,852
30,869
30,923
30,990
31,51
31,67
31,78
31,82
31,91
31,127
31,131
31,152
31,165
31,180
31,215
31,218
31,226
31,242
31,291
31,301
31,347
31,360
31,409
31,471
31,529
31,563
31,634
31,694
31,741
31,769
31,772
31,791
31,795
31,839
31,944
32,47
32,94
32,128
32,133
32,173
32,174
32,175
32,191
32,260
32,353
32,361
32,386
32,424
32,430
32,433
32,535
32,545
32,550
32,639
32,648
32,708
32,739
32,815
32,821
32,903
32,907
32,910
32,911
32,950
32,986
33,52
33,57
33,70
33,72
33,81
33,93
33,95
33,104
33,163
33,183
33,189
33,221
33,288
33,333
33,335
33,376
33,387
33,426
33,458
33,460
33,516
33,553
33,697
33,752
33,796
33,894
33,900
34,47
34,94
34,128
34,133
34,140
34,154
34,161
34,173
34,174
34,184
34,260
34,323
34,412
34,466
34,624
34,645
34,648
34,665
34,695
34,698
34,717
34,722
34,746
34,815
34,911
34,918
34,924
34,939
34,961
35,39
35,53
35,60
35,71
35,76
35,108
35,143
35,177
35,198
35,209
35,227
35,228
35,248
35,306
35,334
35,346
35,368
35,371
35,416
35,487
35,561
35,593
35,600
35,657
35,724
35,727
35,753
35,827
36,52
36,72
36,75
36,93
36,95
36,104
36,140
36,167
36,168
36,185
36,210
36,337
36,387
36,524
36,606
36,635
36,739
36,747
36,754
36,787
36,854
36,887
36,890
36,913
36,933
36,951
36,970
37,65
37,86
37,113
37,115
37,141
37,146
37,206
37,234
37,247
37,315
37,331
37,388
37,429
37,500
37,536
37,638
37,642
37,647
37,661
37,662
37,715
37,724
37,790
37,841
37,865
37,870
37,987
38,54
38,65
38,68
38,80
38,97
38,137
38,169
38,200
38,224
38,302
38,375
38,412
38,414
38,524
38,527
38,584
38,639
38,673
38,709
38,765
38,786
38,805
38,886
38,921
38,974
38,982
39,41
39,53
39,60
39,76
39,85
39,92
39,103
39,108
39,193
39,216
39,248
39,334
39,416
39,421
39,442
39,544
39,589
39,663
39,688
39,692
39,753
39,819
39,849
39,919
39,922
40,58
40,69
40,73
40,77
40,96
40,103
40,110
40,120
40,258
40,292
40,308
40,324
40,330
40,377
40,459
40,462
40,511
40,518
40,557
40,629
40,659
40,693
40,749
40,863
40,926
40,956
41,71
41,76
41,85
41,92
41,108
41,158
41,166
41,193
41,216
41,228
41,236
41,237
41,274
41,362
41,465
41,544
41,587
41,711
41,721
41,784
41,892
41,943
41,973
42,126
42,129
42,136
42,138
42,164
42,183
42,204
42,238
42,250
42,255
42,266
42,269
42,300
42,335
42,431
42,525
42,543
42,562
42,608
42,632
42,677
42,864
42,896
42,952
43,45
43,55
43,81
43,101
43,114
43,153
43,171
43,186
43,270
43,301
43,312
43,339
43,345
43,362
43,421
43,424
43,455
43,517
43,656
43,658
43,748
43,760
43,794
43,823
43,850
44,88
44,113
44,115
44,125
44,150
44,162
44,178
44,192
44,201
44,230
44,247
44,276
44,303
44,388
44,419
44,425
44,515
44,536
44,642
44,647
44,681
44,882
44,977
45,55
45,62
45,121
45,144
45,147
45,153
45,176
45,222
45,241
45,295
45,301
45,339
45,362
45,383
45,402
45,517
45,534
45,560
45,592
45,619
45,652
45,658
45,760
45,793
45,895
46,50
46,86
46,134
46,135
46,146
46,178
46,230
46,290
46,303
46,376
46,418
46,429
46,435
46,444
46,467
46,492
46,500
46,569
46,674
46,731
46,776
46,916
46,991
47,116
47,128
47,133
47,154
47,187
47,232
47,304
47,322
47,323
47,328
47,378
47,386
47,420
47,480
47,545
47,645
47,726
47,789
47,821
47,851
47,929
48,89
48,105
48,112
48,123
48,177
48,229
48,249
48,261
48,311
48,328
48,333
48,340
48,380
48,406
48,445
48,503
48,549
48,599
48,679
48,843
49,58
49,109
49,142
49,151
49,185
49,203
49,253
49,258
49,282
49,285
49,289
49,298
49,332
49,367
49,397
49,398
49,436
49,514
49,518
49,522
49,594
49,736
49,906
50,73
50,79
50,96
50,110
50,120
50,142
50,195
50,289
50,298
50,308
50,324
50,366
50,427
50,453
50,551
50,654
50,693
50,764
50,817
50,936
51,62
51,78
51,82
51,127
51,131
51,152
51,184
51,215
51,218
51,226
51,257
51,291
51,299
51,359
51,367
51,439
51,450
51,529
51,696
51,756
51,772
51,873
51,944
52,72
52,93
52,122
52,187
52,221
52,337
52,354
52,360
52,387
52,405
52,460
52,553
52,575
52,606
52,859
52,871
52,904
52,932
52,981
53,76
53,85
53,108
53,143
53,166
53,190
53,227
53,236
53,237
53,240
53,299
53,416
53,465
53,507
53,602
53,638
53,687
53,727
53,735
53,919
53,922
54,64
54,83
54,97
54,137
54,139
54,156
54,159
54,224
54,342
54,344
54,351
54,392
54,396
54,519
54,568
54,655
54,703
54,881
54,886
54,999
55,102
55,153
55,171
55,182
55,245
55,295
55,312
55,424
55,468
55,470
55,526
55,540
55,560
55,664
55,680
55,684
55,704
55,723
55,794
55,820
55,853
56,58
56,69
56,73
56,79
56,90
56,112
56,120
56,203
56,244
56,245
56,298
56,308
56,321
56,336
56,356
56,413
56,440
56,454
56,511
56,575
56,771
56,917
56,985
57,61
57,99
57,136
57,157
57,238
57,259
57,313
57,417
57,431
57,485
57,491
57,552
57,562
57,613
57,685
57,831
57,905
57,908
57,952
57,980
58,69
58,74
58,79
58,90
58,104
58,185
58,194
58,195
58,213
58,253
58,271
58,285
58,296
58,332
58,459
58,482
58,570
58,617
58,830
59,179
59,202
59,211
59,230
59,252
59,313
59,315
59,318
59,382
59,401
59,418
59,449
59,478
59,488
59,682
59,714
59,802
59,891
59,895
60,71
60,108
60,166
60,177
60,190
60,227
60,239
60,248
60,409
60,442
60,450
60,486
60,507
60,753
60,827
60,927
60,973
61,66
61,87
61,94
61,138
61,157
61,212
61,250
61,259
61,269
61,284
61,326
61,329
61,404
61,491
61,543
61,562
61,685
61,858
61,918
61,941
62,67
62,82
62,85
62,127
62,131
62,242
62,257
62,279
62,299
62,359
62,432
62,439
62,441
62,471
62,504
62,579
62,696
62,795
62,899
62,937
62,944
63,68
63,91
63,98
63,123
63,173
63,250
63,272
63,274
63,277
63,290
63,305
63,351
63,433
63,518
63,606
63,710
63,724
63,805
63,883
64,83
64,97
64,124
64,137
64,181
64,216
64,273
64,287
64,369
64,396
64,532
64,655
64,672
64,707
64,730
64,789
64,876
65,68
65,83
65,132
65,139
65,159
65,181
65,224
65,297
65,396
65,547
65,567
65,639
65,703
65,709
65,797
66,87
66,99
66,129
66,136
66,138
66,157
66,183
66,255
66,259
66,269
66,407
66,417
66,431
66,554
66,601
66,685
66,755
66,972
67,82
67,91
67,127
67,131
67,226
67,257
67,291
67,299
67,347
67,359
67,523
67,542
67,583
67,634
67,762
67,807
67,839
67,884
68,124
68,139
68,156
68,200
68,273
68,279
68,384
68,414
68,532
68,566
68,598
68,612
68,639
68,788
68,789
68,818
68,934
69,77
69,80
69,96
69,169
69,185
69,262
69,268
69,366
69,397
69,462
69,499
69,509
69,538
69,690
69,813
69,993
70,122
70,168
70,189
70,207
70,210
70,215
70,314
70,316
70,354
70,385
70,410
70,458
70,524
70,654
70,754
70,836
70,913
70,976
71,143
71,184
71,193
71,208
71,235
71,243
71,280
71,306
71,307
71,334
71,543
71,721
71,728
71,827
71,844
71,943
72,81
72,172
72,210
72,246
72,310
72,317
72,354
72,387
72,475
72,516
72,553
72,576
72,606
72,650
72,859
72,976
73,74
73,107
73,142
73,185
73,308
73,325
73,341
73,366
73,393
73,413
73,482
73,501
73,603
73,643
73,659
73,681
73,971
74,84
74,96
74,285
74,289
74,294
74,305
74,330
74,336
74,356
74,440
74,453
74,538
74,551
74,644
74,676
74,771
74,879
74,962
75,81
75,95
75,147
75,210
75,446
75,473
75,475
75,524
75,585
75,650
75,713
75,757
75,792
75,871
75,890
75,946
75,976
76,92
76,108
76,166
76,204
76,228
76,280
76,371
76,487
76,507
76,544
76,587
76,716
76,735
76,767
76,819
76,892
77,96
77,120
77,130
77,151
77,262
77,308
77,342
77,358
77,366
77,453
77,539
77,628
77,664
77,878
77,926
77,938
77,971
78,131
78,165
78,180
78,215
78,226
78,242
78,299
78,395
78,432
78,471
78,504
78,597
78,610
78,634
78,716
78,804
78,885
78,912
79,110
79,111
79,164
79,185
79,289
79,294
79,296
79,308
79,325
79,330
79,355
79,436
79,775
79,883
80,83
80,97
80,111
80,124
80,156
80,200
80,384
80,414
80,456
80,530
80,547
80,567
80,777
80,791
80,928
81,95
81,104
81,122
81,167
81,189
81,251
81,317
81,650
81,754
81,787
81,792
81,846
81,894
81,968
82,91
82,165
82,218
82,257
82,279
82,302
82,333
82,439
82,471
82,504
82,523
82,563
82,756
82,808
82,839
82,884
82,935
83,137
83,139
83,156
83,159
83,205
83,209
83,297
83,384
83,558
83,672
83,928
83,984
84,90
84,114
84,121
84,171
84,182
84,186
84,222
84,270
84,352
84,362
84,381
84,399
84,455
84,534
84,592
84,723
84,782
84,853
84,880
85,92
85,108
85,196
85,198
85,239
85,306
85,346
85,442
85,477
85,819
85,826
85,849
85,927
86,100
86,118
86,150
86,179
86,184
86,230
86,256
86,364
86,425
86,449
86,586
86,605
86,649
86,746
86,955
86,977
87,99
87,126
87,212
87,250
87,255
87,326
87,372
87,491
87,554
87,649
87,896
87,905
87,908
87,918
87,992
88,100
88,125
88,135
88,275
88,278
88,290
88,315
88,321
88,389
88,419
88,451
88,479
88,505
88,589
88,790
88,865
88,895
88,901
89,105
89,112
89,249
89,265
89,267
89,281
89,283
89,293
89,343
89,380
89,503
89,666
89,869
89,965
89,990
90,100
90,107
90,109
90,199
90,203
90,244
90,253
90,264
90,268
90,390
90,397
90,464
90,482
90,555
90,779
90,817
91,103
91,215
91,242
91,279
91,360
91,529
91,696
91,716
91,741
91,769
91,772
91,780
91,814
91,839
91,884
91,912
92,158
92,196
92,216
92,236
92,237
92,239
92,334
92,412
92,486
92,687
92,721
92,825
92,849
92,991
93,95
93,163
93,189
93,207
93,246
93,251
93,314
93,337
93,461
93,520
93,627
93,766
93,803
94,133
94,154
94,173
94,319
94,322
94,353
94,361
94,373
94,378
94,624
94,625
94,715
94,902
94,967
94,986
95,163
95,168
95,221
95,251
95,273
95,281
95,314
95,574
95,859
95,871
95,900
95,965
95,968
96,109
96,120
96,130
96,194
96,341
96,459
96,483
96,617
96,930
96,996
97,124
97,132
97,159
97,200
97,344
97,351
97,408
97,506
97,566
97,765
97,863
97,899
97,937
98,193
98,202
98,205
98,277
98,338
98,458
98,465
98,520
98,557
98,588
98,637
98,670
98,701
98,772
98,994
99,112
99,138
99,157
99,183
99,259
99,266
99,417
99,801
99,810
99,824
99,858
99,918
99,966
100,113
100,135
100,223
100,303
100,435
100,492
100,513
100,715
100,719
100,783
100,868
100,870
101,102
101,117
101,147
101,150
101,176
101,241
101,272
101,295
101,301
101,338
101,362
101,374
101,383
101,540
101,652
101,734
101,888
102,114
102,121
102,126
102,171
102,176
102,245
102,289
102,345
102,349
102,374
102,394
102,424
102,476
102,630
102,680
102,877
103,125
103,194
103,209
103,251
103,294
103,305
103,319
103,623
103,719
103,787
103,833
103,957
104,148
104,163
104,172
104,376
104,473
104,574
104,747
104,811
104,915
104,965
105,123
105,225
105,228
105,249
105,254
105,265
105,267
105,328
105,380
105,503
105,581
105,599
105,668
105,842
106,109
106,110
106,169
106,238
106,244
106,253
106,292
106,330
106,336
106,377
106,450
106,482
106,699
106,938
106,940
106,969
106,971
107,120
107,194
107,195
107,256
107,264
107,311
107,355
107,358
107,440
107,464
107,555
107,557
107,771
107,842
107,847
107,857
108,166
108,177
108,196
108,280
108,333
108,368
108,393
108,489
108,657
109,151
109,194
109,262
109,341
109,448
109,454
109,604
109,617
109,681
109,842
109,929
109,985
110,195
110,199
110,213
110,262
110,264
110,282
110,296
110,330
110,332
110,464
110,595
110,628
110,681
110,878
111,167
111,168
111,179
111,198
111,205
111,283
111,297
111,357
111,468
111,478
111,507
111,546
111,686
111,699
112,225
112,271
112,311
112,343
112,428
112,445
112,581
112,640
112,738
112,990
113,146
113,188
113,217
113,231
113,277
113,313
113,434
113,481
113,513
113,548
113,605
113,746
113,798
113,845
114,121
114,147
114,153
114,198
114,209
114,286
114,339
114,374
114,399
114,619
114,658
114,678
114,748
114,820
115,118
115,125
115,145
115,231
115,252
115,318
115,331
115,661
115,724
115,726
115,790
115,837
115,892
116,128
116,140
116,149
116,155
116,157
116,161
116,174
116,187
116,219
116,319
116,322
116,323
116,378
116,490
116,550
116,720
116,953
117,119
117,144
117,153
117,154
117,171
117,176
117,182
117,233
117,345
117,349
117,421
117,470
117,526
117,533
117,652
117,760
118,146
118,150
118,170
118,178
118,234
118,388
118,484
118,586
118,638
118,667
118,743
118,868
118,954
119,121
119,122
119,153
119,171
119,176
119,222
119,349
119,362
119,381
119,394
119,410
119,526
119,533
119,720
119,750
119,875
120,151
120,169
120,185
120,390
120,429
120,579
120,847
120,857
120,975
121,182
121,286
121,295
121,312
121,374
121,443
121,630
121,722
121,751
121,880
121,888
122,148
122,172
122,288
122,293
122,310
122,393
122,426
122,460
122,635
122,894
123,229
123,249
123,267
123,278
123,283
123,406
123,445
123,503
123,599
123,679
123,923
124,137
124,181
124,200
124,297
124,369
124,392
124,567
124,712
124,735
124,984
125,150
125,178
125,202
125,220
125,234
125,411
125,559
125,611
125,649
125,667
125,776
125,865
126,129
126,255
126,300
126,326
126,431
126,485
126,491
126,521
126,552
126,564
126,718
126,832
127,131
127,152
127,223
127,226
127,291
127,320
127,529
127,610
127,634
127,716
127,804
127,807
127,808
128,149
128,154
128,191
128,197
128,260
128,333
128,447
128,466
128,490
128,521
128,739
128,953
129,136
129,164
129,183
129,212
129,326
129,342
129,404
129,438
129,562
129,651
129,770
129,831
130,142
130,169
130,184
130,253
130,268
130,367
130,402
130,427
130,454
130,518
130,539
130,659
130,879
131,165
131,180
131,347
131,359
131,432
131,441
131,500
131,548
131,696
131,780
132,137
132,156
132,181
132,224
132,396
132,530
132,547
132,558
132,629
132,703
132,934
132,983
132,984
133,140
133,187
133,232
133,304
133,353
133,447
133,494
133,535
133,717
133,881
133,925
133,960
134,141
134,179
134,192
134,202
134,284
134,325
134,379
134,411
134,479
134,500
134,653
134,758
134,829
135,145
135,211
135,217
135,223
135,411
135,419
135,586
135,662
135,834
135,909
136,138
136,164
136,204
136,250
136,255
136,543
136,622
136,799
136,831
136,918
137,224
137,287
137,344
137,568
137,639
137,777
137,876
137,928
137,982
138,185
138,238
138,259
138,485
138,552
138,618
138,683
138,742
138,770
138,816
139,205
139,302
139,414
139,450
139,456
139,636
139,788
139,886
140,160
140,191
140,232
140,260
140,304
140,378
140,466
140,607
140,708
140,903
140,967
141,231
141,338
141,488
141,513
141,653
141,686
141,746
141,816
141,954
141,987
142,203
142,244
142,305
142,390
142,400
142,462
142,511
142,830
142,835
142,961
142,985
143,170
143,177
143,193
143,248
143,274
143,371
143,486
143,614
143,663
144,317
144,370
144,399
144,402
144,494
144,578
144,592
144,656
144,669
144,781
144,806
144,997
145,146
145,201
145,220
145,379
145,389
145,418
145,433
145,505
145,529
145,812
145,994
146,201
146,303
146,313
146,388
146,461
146,481
146,662
146,714
146,893
147,153
147,182
147,236
147,245
147,286
147,301
147,541
147,578
147,734
147,760
148,189
148,246
148,335
148,426
148,572
148,585
148,704
148,933
148,949
149,154
149,155
149,187
149,322
149,354
149,373
149,420
149,490
149,550
149,625
149,925
149,939
150,206
150,209
150,220
150,318
150,467
150,497
150,661
150,701
150,866
151,244
151,298
151,309
151,355
151,436
151,438
151,499
151,506
151,657
151,863
152,226
152,299
152,359
152,432
152,542
152,583
152,609
152,716
152,795
152,814
152,885
152,944
153,182
153,186
153,245
153,263
153,272
153,446
153,833
153,850
154,187
154,191
154,197
154,323
154,495
154,545
154,695
154,722
155,160
155,219
155,304
155,348
155,373
155,430
155,645
155,665
155,851
156,287
156,584
156,668
156,712
156,778
156,983
157,183
157,250
157,269
157,491
157,646
157,677
157,832
157,980
158,177
158,196
158,216
158,239
158,416
158,431
158,472
158,676
158,759
158,979
159,302
159,396
159,598
159,765
159,785
159,788
159,983
160,173
160,175
160,187
160,323
160,353
160,386
160,545
160,550
160,637
160,698
160,910
160,961
161,187
161,219
161,260
161,386
161,420
161,512
161,545
161,643
161,693
161,929
161,953
162,206
162,209
162,278
162,290
162,388
162,434
162,444
162,515
162,569
162,706
162,870
163,167
163,337
163,405
163,410
163,459
163,475
163,623
163,757
164,204
164,212
164,258
164,300
164,404
164,646
164,770
164,905
165,180
165,257
165,320
165,360
165,365
165,391
165,504
165,641
165,804
165,937
166,177
166,208
166,248
166,614
166,643
166,711
167,221
167,288
167,310
167,585
167,635
167,674
167,796
167,948
168,207
168,246
168,412
168,446
168,520
168,867
168,946
168,968
168,976
169,285
169,423
169,438
169,557
169,575
169,626
169,764
169,771
170,220
170,233
170,253
170,284
170,331
170,368
170,414
170,665
170,675
170,808
170,978
171,385
171,424
171,468
171,470
171,669
171,807
172,200
172,205
172,251
172,317
172,337
172,585
172,854
172,932
173,175
173,219
173,633
173,671
173,695
173,717
173,924
174,219
174,232
174,322
174,420
174,466
174,490
174,671
174,851
175,305
175,373
175,386
175,625
175,645
175,671
175,821
175,960
176,241
176,312
176,394
176,406
176,556
176,578
176,630
176,723
177,228
177,338
177,409
177,872
177,927
178,217
178,419
178,618
178,682
178,700
178,743
178,957
179,230
179,389
179,505
179,616
179,702
180,327
180,360
180,365
180,391
180,537
180,542
180,579
180,741
180,795
181,273
181,309
181,392
181,596
181,612
181,707
181,899
182,222
182,245
182,286
182,399
182,577
182,669
182,678
183,204
183,259
183,543
183,618
183,755
183,952
184,189
184,298
184,342
184,379
184,576
184,674
184,675
184,824
185,356
185,423
185,749
186,263
186,272
186,312
186,345
186,381
186,468
186,541
186,560
186,600
186,732
187,197
187,232
187,960
188,275
188,488
188,497
188,582
188,602
188,707
188,731
188,866
188,901
189,314
189,316
189,422
189,572
189,689
189,904
190,196
190,239
190,306
190,534
190,573
190,593
190,727
190,784
190,849
190,874
191,197
191,378
191,495
191,545
191,694
191,708
191,961
192,211
192,247
192,263
192,276
192,364
192,382
192,444
192,513
192,605
192,642
192,790
193,236
193,240
193,472
193,477
193,616
193,809
194,195
194,203
194,423
194,575
194,594
194,595
194,842
195,377
195,413
195,462
195,604
195,692
195,883
195,926
196,208
196,259
196,507
196,544
196,600
196,825
196,844
196,872
197,226
197,348
197,521
197,550
197,626
197,739
197,815
197,929
198,255
198,277
198,284
198,374
198,433
198,510
198,786
199,213
199,268
199,277
199,289
199,325
199,428
199,464
199,551
199,570
199,917
200,422
200,672
200,710
200,876
201,315
201,318
201,357
201,418
201,444
201,449
201,559
201,607
202,211
202,231
202,276
202,379
202,425
202,449
202,633
203,213
203,338
203,571
203,842
203,857
203,897
204,329
204,372
204,427
204,562
204,601
204,618
204,964
205,393
205,450
205,510
205,989
205,995
206,217
206,231
206,364
206,419
206,467
206,590
206,608
206,662
207,310
207,314
207,387
207,473
207,484
207,623
207,970
208,235
208,274
208,363
208,472
208,478
208,528
208,767
208,827
208,922
209,244
209,525
209,609
209,615
209,768
210,246
210,251
210,412
210,422
210,606
210,766
211,223
211,290
211,488
211,513
211,616
211,744
211,816
212,300
212,326
212,372
212,417
212,683
212,737
212,810
213,262
213,264
213,285
213,336
213,400
213,510
213,998
214,300
214,363
214,369
214,568
214,569
214,680
214,744
214,770
214,810
214,971
215,218
215,226
215,279
215,457
215,538
215,780
215,959
216,237
216,280
216,371
216,487
216,528
216,676
216,979
217,234
217,425
217,479
217,882
217,906
218,320
218,327
218,432
218,439
218,441
218,756
218,873
218,958
219,232
219,348
219,430
219,437
219,576
219,607
220,313
220,418
220,496
220,647
220,702
220,719
220,812
221,316
221,475
221,574
221,752
222,383
222,424
222,472
222,565
222,652
222,690
222,822
222,875
223,331
223,382
223,429
223,493
223,559
223,776
223,837
224,384
224,789
224,886
224,974
225,265
225,271
225,415
225,738
225,869
225,963
226,365
226,395
226,807
226,937
227,241
227,334
227,602
227,687
227,861
227,868
227,874
227,943
228,236
228,243
228,274
228,465
228,528
228,687
229,249
229,261
229,265
229,267
229,327
229,843
230,231
230,252
230,411
230,505
230,536
230,713
230,774
231,444
231,614
231,841
231,898
232,420
232,624
232,925
232,999
233,352
233,394
233,402
233,556
233,656
233,781
233,782
234,303
234,364
234,469
234,496
234,508
234,700
234,898
235,243
235,248
235,280
235,442
235,486
235,489
235,546
235,979
236,237
236,465
236,489
236,844
237,239
237,306
237,591
237,892
238,255
238,259
238,266
238,329
238,485
238,737
238,837
239,368
239,526
239,826
240,350
240,371
240,591
240,593
240,735
240,885
240,919
241,295
241,312
241,374
241,517
241,565
241,875
241,931
242,257
242,279
242,563
242,610
242,709
242,873
242,944
243,363
243,409
243,489
243,692
243,768
243,861
244,253
244,398
244,436
244,763
244,830
245,588
245,619
245,660
245,794
246,337
246,403
246,473
246,653
246,689
247,307
247,469
247,548
247,649
247,670
247,802
247,848
247,909
248,334
248,363
248,467
248,507
248,784
249,311
249,915
250,266
250,300
250,718
250,966
251,335
251,854
251,867
251,920
252,389
252,418
252,682
252,715
252,841
252,852
253,413
253,670
253,693
254,271
254,281
254,311
254,415
254,445
254,450
254,621
255,801
255,908
255,978
256,262
256,308
256,309
256,705
256,947
256,985
256,993
257,441
257,523
257,530
257,547
257,885
258,282
258,324
258,341
258,571
258,936
259,608
259,966
260,386
260,521
260,698
260,923
260,953
261,283
261,340
261,463
261,631
261,738
262,294
262,356
262,501
262,615
263,272
263,339
263,443
263,540
263,556
263,578
263,630
264,292
264,294
264,498
264,643
264,749
264,998
265,452
265,537
265,729
265,860
265,889
266,554
266,651
266,718
266,790
266,972
267,283
267,328
267,343
267,428
267,514
267,549
268,400
268,494
268,693
268,878
269,432
269,485
269,564
269,622
269,685
269,755
270,339
270,470
270,565
270,690
270,820
270,833
270,888
270,997
271,340
271,406
271,428
271,581
271,852
272,476
272,660
272,720
272,822
272,833
273,351
273,740
273,876
274,487
274,528
274,593
274,872
275,318
275,479
275,559
275,800
275,955
275,987
276,548
276,633
276,761
276,778
277,327
277,448
277,501
277,603
278,307
278,315
278,318
278,411
278,991
279,320
279,457
279,523
279,579
280,587
280,657
280,671
280,919
281,668
281,773
281,889
282,289
282,324
282,350
282,438
282,454
282,879
283,380
283,668
284,349
284,392
284,504
284,637
284,862
285,330
285,459
285,483
285,509
285,510
286,295
286,338
286,349
286,399
286,678
286,690
287,375
287,408
287,530
287,576
288,310
288,410
288,426
288,859
288,915
289,813
289,993
290,318
290,467
290,493
290,702
290,829
291,391
291,542
291,694
291,762
291,853
291,959
292,296
292,321
292,413
292,499
292,518
292,775
293,403
293,405
293,654
293,752
293,963
294,355
294,570
294,603
294,897
294,996
295,468
295,855
295,862
295,880
296,555
296,557
296,576
296,580
296,779
297,302
297,456
297,506
297,508
298,325
298,464
298,539
298,699
298,998
299,359
299,583
299,634
299,769
300,618
300,646
301,517
301,541
301,656
301,660
302,598
302,620
302,778
303,434
303,502
303,564
303,909
304,323
304,386
304,851
304,924
304,953
305,327
305,361
305,455
305,613
305,938
306,363
306,377
306,416
306,922
307,315
307,686
307,702
307,812
308,447
308,897
309,324
309,454
309,483
309,595
309,763
309,975
310,387
310,900
311,328
311,631
311,773
312,339
312,455
312,658
313,597
313,848
313,916
314,615
314,747
314,989
315,379
315,419
315,433
315,977
316,403
316,497
316,627
316,963
316,968
317,376
317,422
317,572
317,951
318,433
318,798
319,466
319,490
319,521
319,722
319,739
319,945
320,365
320,395
320,441
320,471
320,484
320,542
321,325
321,366
321,413
321,604
321,947
321,969
322,348
322,361
322,535
322,674
322,967
323,607
323,815
324,358
324,397
324,659
325,332
325,400
325,930
326,485
326,522
326,864
327,448
327,643
327,723
328,729
329,706
329,755
329,896
329,952
330,358
330,501
330,628
331,493
331,589
332,366
332,498
332,724
333,342
333,372
333,478
334,692
334,750
334,825
335,846
335,933
336,571
336,764
336,840
336,942
337,492
337,963
338,625
338,672
338,862
339,461
339,660
339,669
340,343
340,355
340,415
340,640
341,367
341,498
341,555
341,743
341,763
342,484
342,650
342,897
342,941
343,380
343,889
344,375
344,494
344,712
344,921
344,982
345,370
345,381
345,421
345,690
346,409
346,416
346,448
346,465
346,663
346,759
347,583
347,762
347,780
347,814
347,935
348,353
348,430
348,512
348,535
348,887
349,352
349,402
349,443
349,806
350,670
350,677
350,756
350,847
350,974
350,988
351,369
351,789
352,370
352,541
352,850
352,862
352,877
353,356
353,907
353,925
353,986
354,473
354,836
355,366
355,835
356,390
356,509
356,570
356,940
357,382
357,719
357,866
357,882
357,893
358,511
358,525
358,930
358,969
359,814
359,873
359,885
360,395
360,441
360,457
360,873
361,420
361,535
361,717
361,950
362,592
362,931
362,997
363,371
363,487
363,561
364,682
364,714
364,730
364,893
364,954
365,384
365,391
365,736
365,756
365,808
366,484
366,947
367,684
367,763
367,956
368,663
368,688
368,919
368,943
369,596
370,534
370,619
370,751
370,793
370,877
371,416
371,461
372,417
372,564
372,622
372,952
373,378
373,437
373,447
373,480
374,443
374,556
374,820
375,508
375,532
375,993
376,426
376,846
376,968
377,509
377,906
377,936
378,437
378,447
378,478
379,488
379,758
380,675
380,799
381,383
381,470
381,751
382,638
382,664
382,686
382,701
383,402
383,855
383,860
384,740
385,403
385,461
385,627
385,872
386,645
387,932
388,492
388,502
388,573
389,497
389,856
389,977
390,427
390,509
390,956
391,529
391,768
391,769
391,959
392,558
392,881
392,982
393,463
393,615
393,850
394,588
394,750
394,821
394,822
395,471
395,696
395,959
396,620
396,805
397,962
397,975
398,438
398,501
398,557
398,575
398,594
399,424
399,734
400,423
400,655
400,879
400,956
401,515
401,536
401,773
401,802
401,901
401,987
402,534
402,803
403,792
403,933
404,436
404,601
404,622
404,810
405,460
405,904
406,599
406,800
407,515
407,590
407,726
407,798
407,870
407,891
407,916
408,612
408,641
408,786
408,805
409,725
410,516
410,949
411,469
411,481
412,525
412,554
412,637
413,454
413,830
414,519
414,786
415,463
416,657
417,433
417,737
418,616
419,649
419,898
420,480
420,625
421,678
421,723
421,750
421,888
422,516
422,654
422,697
423,438
423,514
423,540
423,705
424,734
425,483
425,714
425,891
425,898
426,480
427,930
427,942
428,852
429,496
429,661
429,994
430,822
430,945
431,941
431,978
432,439
432,736
433,976
434,570
434,589
434,774
435,515
435,590
435,609
435,647
435,991
436,947
437,480
437,671
437,717
438,914
438,995
439,461
439,542
439,958
440,525
441,551
441,696
442,472
442,768
442,809
442,927
443,448
443,476
443,720
443,806
444,461
444,706
446,887
446,894
447,466
447,698
447,910
448,675
448,811
449,661
449,662
449,701
449,744
450,629
450,695
451,502
451,584
451,701
451,991
452,621
452,640
452,679
453,539
453,559
453,764
453,835
453,940
455,517
455,533
455,680
455,803
456,510
456,612
456,636
457,583
457,736
457,804
457,935
458,520
459,863
460,670
460,951
461,704
462,897
462,942
463,581
463,679
463,729
463,799
464,527
465,676
466,695
467,597
467,783
468,690
468,793
469,502
469,505
469,702
469,882
470,565
470,781
471,958
473,828
474,475
474,574
474,627
474,629
474,836
474,932
475,617
476,588
476,664
476,875
477,711
477,725
477,753
477,768
478,621
479,493
479,901
480,950
481,582
481,691
481,834
482,580
482,969
483,879
483,995
484,601
485,972
486,561
487,494
487,587
488,642
489,704
489,922
490,698
490,722
492,505
493,563
493,611
493,870
494,704
494,730
495,512
495,535
495,625
495,645
495,742
496,586
496,829
496,866
498,595
498,745
498,749
498,942
499,509
499,580
499,775
500,589
500,667
502,633
502,845
503,556
503,800
504,736
504,912
505,795
506,527
506,568
506,778
507,819
508,547
509,531
510,708
510,877
511,636
512,665
512,925
513,957
514,551
514,571
515,536
515,605
516,523
516,766
517,652
518,531
518,570
519,641
519,786
519,921
519,974
520,697
520,792
521,911
522,648
522,727
522,804
522,878
523,814
523,884
524,989
525,609
525,658
526,630
526,855
526,997
527,596
527,703
528,614
529,563
530,934
531,596
531,914
532,566
532,620
532,663
533,560
533,656
533,680
534,750
534,853
535,967
536,874
536,891
537,631
537,666
538,914
540,656
540,880
540,997
541,703
541,785
542,958
543,858
543,992
544,637
544,827
544,874
546,560
546,598
546,599
546,678
547,740
547,791
549,823
550,695
550,907
551,745
551,969
552,632
552,978
553,713
553,857
553,867
554,988
555,557
555,878
555,914
556,806
556,850
558,584
560,732
560,888
561,573
562,966
563,610
563,769
564,608
564,632
565,720
565,751
565,931
566,765
567,675
567,707
567,710
568,596
568,655
568,740
569,866
569,994
570,995
571,962
572,574
572,747
573,759
573,826
573,973
574,846
574,904
575,906
576,721
577,578
577,658
577,660
577,793
577,853
578,751
579,694
579,937
580,604
580,615
580,998
581,704
582,700
582,812
582,856
583,610
586,605
587,849
588,732
588,833
590,719
591,688
591,759
591,844
592,732
592,931
593,721
594,813
594,917
595,603
595,847
596,636
597,865
597,957
598,899
600,721
600,735
600,979
601,632
602,838
603,699
604,926
605,798
606,828
607,821
607,986
608,613
609,705
610,732
611,714
611,746
611,934
613,618
613,683
613,992
614,733
615,624
616,774
616,868
617,626
617,975
619,931
620,740
621,799
622,646
623,920
624,961
626,684
626,835
627,948
628,779
628,935
629,744
631,799
634,694
635,999
638,682
640,679
640,856
641,778
642,893
644,993
644,995
646,685
647,862
648,851
649,691
651,683
651,896
651,964
651,992
652,669
653,661
653,761
653,829
654,989
655,777
659,681
660,803
664,666
664,889
666,852
667,758
667,783
667,841
669,803
670,946
672,818
673,707
673,712
673,881
674,796
674,977
675,860
677,801
677,831
680,877
681,917
682,700
684,813
685,896
686,856
687,728
687,733
688,775
688,844
689,713
689,757
691,706
691,882
691,955
692,784
694,772
697,913
698,939
699,857
699,936
700,743
702,776
705,940
706,845
708,902
709,710
711,892
714,893
716,912
718,801
718,912
719,812
720,794
724,860
725,980
726,955
727,819
727,973
728,999
730,855
731,826
734,788
737,770
741,762
742,824
742,905
745,986
745,996
748,767
748,822
754,920
755,988
757,894
758,895
758,916
760,990
761,834
762,808
766,846
767,838
771,930
774,856
775,996
779,906
780,935
781,782
781,855
782,828
782,875
783,916
783,954
785,806
785,820
785,880
787,948
796,948
797,984
801,858
807,958
809,825
811,920
811,981
815,911
817,830
817,926
828,933
829,845
832,972
832,978
834,860
838,943
839,959
840,863
843,990
845,868
847,914
848,898
854,975
864,988
867,915
871,904
872,979
887,970
890,951
895,994
900,913
902,903
902,917
902,960
903,907
903,910
908,941
908,964
938,971
939,964
945,950
951,981
998,999
